<?xml version="1.0"?>
<opencv_storage>
<mtx type_id="opencv-matrix">
  <rows>3</rows>
  <cols>3</cols>
  <dt>d</dt>
  <data>
    6.3744209303116611e+02 0. 6.3879517085290513e+02 0.
    6.3891388724358910e+02 3.9619186471389202e+02 0. 0. 1.</data></mtx>
<dist type_id="opencv-matrix">
  <rows>1</rows>
  <cols>5</cols>
  <dt>d</dt>
  <data>
    -3.7908124240692630e-03 3.6327110278833646e-02
    -3.8872776217494106e-05 9.2232211553315048e-05
    -4.7065018148621088e-02</data></dist>
<frame_height>1080</frame_height>
<board_width>8</board_width>
<board_height>6</board_height>
<board_size>2.7000000000000000e-02</board_size>
</opencv_storage>
