<?xml version="1.0"?>
<opencv_storage>
<mtx type_id="opencv-matrix">
  <rows>3</rows>
  <cols>3</cols>
  <dt>d</dt>
  <data>
    6.3894324752143280e+02 0. 6.3716574878128358e+02 0.
    6.4075816726128232e+02 3.9599505232781320e+02 0. 0. 1.</data></mtx>
<dist type_id="opencv-matrix">
  <rows>1</rows>
  <cols>5</cols>
  <dt>d</dt>
  <data>
    -5.1272246402493506e-03 8.4956821399910898e-02
    1.2222535928727761e-04 7.1912156222348118e-04
    -1.6860569510753839e-01</data></dist>
<frame_height>1080</frame_height>
<board_width>8</board_width>
<board_height>6</board_height>
<board_size>2.7000000000000000e-02</board_size>
</opencv_storage>
