<?xml version="1.0"?>
<opencv_storage>
<mtx type_id="opencv-matrix">
  <rows>3</rows>
  <cols>3</cols>
  <dt>d</dt>
  <data>
    1.3770543435652455e+03 0. 9.7165474613232618e+02 0.
    1.3769239234397392e+03 5.3134567901048240e+02 0. 0. 1.</data></mtx>
<dist type_id="opencv-matrix">
  <rows>1</rows>
  <cols>5</cols>
  <dt>d</dt>
  <data>
    1.0690576281360613e-01 1.7145044900334361e-01 3.2160765223200648e-03
    -8.5475301941939229e-04 -1.3921170833655518e+00</data></dist>
<frame_height>1080</frame_height>
<board_width>8</board_width>
<board_height>6</board_height>
<board_size>2.7000000000000000e-02</board_size>
</opencv_storage>
