<?xml version="1.0"?>
<opencv_storage>
<mtx type_id="opencv-matrix">
  <rows>3</rows>
  <cols>3</cols>
  <dt>d</dt>
  <data>
    6.4106157935328361e+02 0. 6.3982011933702438e+02 0.
    6.4154333990337091e+02 3.9776288666917304e+02 0. 0. 1.</data></mtx>
<dist type_id="opencv-matrix">
  <rows>1</rows>
  <cols>5</cols>
  <dt>d</dt>
  <data>
    4.9177083646819390e-03 1.5108219839567600e-02
    -8.9299865102735300e-04 1.5869130283835842e-04
    -2.1969743251893211e-02</data></dist>
<frame_height>1080</frame_height>
<board_width>8</board_width>
<board_height>6</board_height>
<board_size>2.7000000000000000e-02</board_size>
</opencv_storage>
