<?xml version="1.0"?>
<opencv_storage>
<mtx type_id="opencv-matrix">
  <rows>3</rows>
  <cols>3</cols>
  <dt>d</dt>
  <data>
    1.4861187839646241e+03 0. 9.6039314711005250e+02 0.
    1.4778054285610383e+03 4.7638548598269585e+02 0. 0. 1.</data></mtx>
<dist type_id="opencv-matrix">
  <rows>1</rows>
  <cols>5</cols>
  <dt>d</dt>
  <data>
    1.3177528409249034e-01 -3.2473008635720402e-01
    -2.7823229821937541e-03 -1.1486834949093038e-03
    9.2180666761841445e-02</data></dist>
<frame_height>1080</frame_height>
<board_width>8</board_width>
<board_height>6</board_height>
<board_size>2.7000000000000000e-02</board_size>
</opencv_storage>
