<?xml version="1.0"?>
<opencv_storage>
<mtx type_id="opencv-matrix">
  <rows>3</rows>
  <cols>3</cols>
  <dt>d</dt>
  <data>
    6.4692229721995477e+02 0. 6.4255786051265670e+02 0.
    6.4723592950939246e+02 3.9272273996598830e+02 0. 0. 1.</data></mtx>
<dist type_id="opencv-matrix">
  <rows>1</rows>
  <cols>5</cols>
  <dt>d</dt>
  <data>
    1.1016112046939659e-02 -1.7074994041011610e-02
    -2.1769186751955617e-03 1.5510055714035562e-03
    4.7035551622466691e-02</data></dist>
<frame_height>1080</frame_height>
<board_width>8</board_width>
<board_height>6</board_height>
<board_size>2.7000000000000000e-02</board_size>
</opencv_storage>
