<?xml version="1.0"?>
<opencv_storage>
<R type_id="opencv-matrix">
  <rows>3</rows>
  <cols>3</cols>
  <dt>d</dt>
  <data>
    9.8297260819802112e-01 -7.9968263332704653e-04
    -1.8375040691129285e-01 3.2057951215685436e-02
    9.8540073370139625e-01 1.6720550763836309e-01 1.8093407444766307e-01
    -1.7024909552898046e-01 9.6864756551355224e-01</data></R>
<tvec type_id="opencv-matrix">
  <rows>3</rows>
  <cols>1</cols>
  <dt>d</dt>
  <data>
    2.1316971106762669e-01 1.5634321862142181e-03 2.1407941617968933e-02</data></tvec>
</opencv_storage>
