<?xml version="1.0"?>
<opencv_storage>
<R type_id="opencv-matrix">
  <rows>3</rows>
  <cols>3</cols>
  <dt>d</dt>
  <data>
    9.9999420834228725e-01 -5.7055960776917570e-04
    3.3552561178113128e-03 5.9707811353391926e-04 9.9996855390819162e-01
    -7.9078879915229910e-03 -3.3506386866486715e-03
    7.9098455417357556e-03 9.9996310310125813e-01</data></R>
<tvec type_id="opencv-matrix">
  <rows>3</rows>
  <cols>1</cols>
  <dt>d</dt>
  <data>
    -4.9283519729617351e-02 -1.2788845282106297e-04
    -2.9647195490551553e-03</data></tvec>
<test>10</test>
</opencv_storage>
