<?xml version="1.0"?>
<opencv_storage>
<mtx type_id="opencv-matrix">
  <rows>3</rows>
  <cols>3</cols>
  <dt>d</dt>
  <data>
    6.6495698998263936e+02 0. 6.0959634362069619e+02 0.
    6.7147064732298475e+02 3.9857795236777821e+02 0. 0. 1.</data></mtx>
<dist type_id="opencv-matrix">
  <rows>1</rows>
  <cols>5</cols>
  <dt>d</dt>
  <data>
    -1.7124259035706867e-02 1.8205222530567156e-01
    -2.1475416567229175e-04 -4.7715181004521143e-03
    -3.8220424653064172e-01</data></dist>
<frame_height>1080</frame_height>
<board_width>8</board_width>
<board_height>6</board_height>
<board_size>2.7000000000000000e-02</board_size>
</opencv_storage>
