<?xml version="1.0"?>
<opencv_storage>
<mtx type_id="opencv-matrix">
  <rows>3</rows>
  <cols>3</cols>
  <dt>d</dt>
  <data>
    7.8330062565164951e+02 0. 6.4795014433175447e+02 0.
    7.7848857438922323e+02 4.4307713806869725e+02 0. 0. 1.</data></mtx>
<dist type_id="opencv-matrix">
  <rows>1</rows>
  <cols>5</cols>
  <dt>d</dt>
  <data>
    1.3743812162218402e-01 -5.5652247954927931e+00
    1.4509517074156129e-03 7.3465109698293265e-04 6.8139567796719774e+01</data></dist>
<frame_height>1080</frame_height>
<board_width>8</board_width>
<board_height>6</board_height>
<board_size>2.7000000000000000e-02</board_size>
</opencv_storage>
