<?xml version="1.0"?>
<opencv_storage>
<mtx type_id="opencv-matrix">
  <rows>3</rows>
  <cols>3</cols>
  <dt>d</dt>
  <data>
    1.6396323288121473e+03 0. 8.0680086904788584e+02 0.
    1.5732051658851733e+03 7.3929698639385992e+02 0. 0. 1.</data></mtx>
<dist type_id="opencv-matrix">
  <rows>1</rows>
  <cols>5</cols>
  <dt>d</dt>
  <data>
    2.0854201570407026e-02 1.0466926975768667e+00 1.4498867638558056e-02
    -1.3236575997364161e-03 -5.1952587621110595e+00</data></dist>
<frame_height>1080</frame_height>
<board_width>8</board_width>
<board_height>6</board_height>
<board_size>2.7000000000000000e-02</board_size>
</opencv_storage>
