<?xml version="1.0"?>
<opencv_storage>
<mtx type_id="opencv-matrix">
  <rows>3</rows>
  <cols>3</cols>
  <dt>d</dt>
  <data>
    1.6441821800024625e+03 0. 9.4513603052579322e+02 0.
    1.6306947259976700e+03 6.1398463695831322e+02 0. 0. 1.</data></mtx>
<dist type_id="opencv-matrix">
  <rows>1</rows>
  <cols>5</cols>
  <dt>d</dt>
  <data>
    -1.2592610303418128e+00 7.3547798357984648e+00
    1.2873404681452160e-02 1.1929262144754189e-01
    -2.1669126096031633e+01</data></dist>
<frame_height>1080</frame_height>
<board_width>8</board_width>
<board_height>6</board_height>
<board_size>2.7000000000000000e-02</board_size>
</opencv_storage>
