<?xml version="1.0"?>
<opencv_storage>
<mtx type_id="opencv-matrix">
  <rows>3</rows>
  <cols>3</cols>
  <dt>d</dt>
  <data>
    7.2773461267948301e+02 0. 7.2979643088993657e+02 0.
    7.5670894974100338e+02 3.4441801821929550e+02 0. 0. 1.</data></mtx>
<dist type_id="opencv-matrix">
  <rows>1</rows>
  <cols>5</cols>
  <dt>d</dt>
  <data>
    1.0734014389321643e-02 -3.5949689018954030e-03
    -7.6878340556538422e-04 2.0439310178898343e-03
    6.2033894822830130e-02</data></dist>
<frame_height>1080</frame_height>
<board_width>8</board_width>
<board_height>6</board_height>
<board_size>2.7000000000000000e-02</board_size>
</opencv_storage>
