<?xml version="1.0"?>
<opencv_storage>
<mtx type_id="opencv-matrix">
  <rows>3</rows>
  <cols>3</cols>
  <dt>d</dt>
  <data>
    6.1488418683808584e+02 0. 6.6260430007849618e+02 0.
    6.1359712259168703e+02 4.2465445622026584e+02 0. 0. 1.</data></mtx>
<dist type_id="opencv-matrix">
  <rows>1</rows>
  <cols>5</cols>
  <dt>d</dt>
  <data>
    -1.4325456661879774e-02 1.3934321613087823e-03
    8.1466714968007302e-03 4.2945592483407619e-03 3.2061315679127169e-03</data></dist>
<frame_height>1080</frame_height>
<board_width>11</board_width>
<board_height>8</board_height>
<board_size>1.4999999999999999e-02</board_size>
</opencv_storage>
