<?xml version="1.0"?>
<opencv_storage>
<mtx type_id="opencv-matrix">
  <rows>3</rows>
  <cols>3</cols>
  <dt>d</dt>
  <data>
    6.7420202014878862e+02 0. 6.4101010818235295e+02 0.
    7.3511956438948698e+02 3.9363222706210803e+02 0. 0. 1.</data></mtx>
<dist type_id="opencv-matrix">
  <rows>1</rows>
  <cols>5</cols>
  <dt>d</dt>
  <data>
    -1.3084166379990124e-02 1.7302769145247815e-01
    -6.8883087903419222e-03 7.2019157247874672e-04
    -4.8092306771992066e-01</data></dist>
<frame_height>1080</frame_height>
<board_width>8</board_width>
<board_height>6</board_height>
<board_size>2.7000000000000000e-02</board_size>
</opencv_storage>
