<?xml version="1.0"?>
<opencv_storage>
<mtx type_id="opencv-matrix">
  <rows>3</rows>
  <cols>3</cols>
  <dt>d</dt>
  <data>
    1.3591001946342201e+03 0. 9.6938589919305014e+02 0.
    1.3575492933376809e+03 5.3562110828152424e+02 0. 0. 1.</data></mtx>
<dist type_id="opencv-matrix">
  <rows>1</rows>
  <cols>5</cols>
  <dt>d</dt>
  <data>
    1.2542394891014244e-01 -3.2391363073684770e-01
    8.5641750571461542e-04 -3.1077183196068069e-03
    2.1772656836195317e-01</data></dist>
</opencv_storage>
