<?xml version="1.0"?>
<opencv_storage>
<mtx type_id="opencv-matrix">
  <rows>3</rows>
  <cols>3</cols>
  <dt>d</dt>
  <data>
    1.3895160236061088e+03 0. 9.6119153352525052e+02 0.
    1.3902391283117677e+03 5.3177045582556013e+02 0. 0. 1.</data></mtx>
<dist type_id="opencv-matrix">
  <rows>1</rows>
  <cols>5</cols>
  <dt>d</dt>
  <data>
    3.8532573597111902e-02 6.6860466377323924e-01 7.7967704509493494e-04
    -8.8273060767052553e-04 -3.0044172661494590e+00</data></dist>
</opencv_storage>
