<?xml version="1.0"?>
<opencv_storage>
<mtx type_id="opencv-matrix">
  <rows>3</rows>
  <cols>3</cols>
  <dt>d</dt>
  <data>
    6.4522517524304305e+02 0. 6.3910020470547011e+02 0.
    6.5642053932907265e+02 3.9417626287388816e+02 0. 0. 1.</data></mtx>
<dist type_id="opencv-matrix">
  <rows>1</rows>
  <cols>5</cols>
  <dt>d</dt>
  <data>
    -1.5273395631805794e-02 1.4437766307730646e-01
    -6.2554061313420516e-03 1.0421945806203066e-03
    -3.2957502245063502e-01</data></dist>
<frame_height>1080</frame_height>
<board_width>8</board_width>
<board_height>6</board_height>
<board_size>2.7000000000000000e-02</board_size>
</opencv_storage>
