<?xml version="1.0"?>
<opencv_storage>
<mtx type_id="opencv-matrix">
  <rows>3</rows>
  <cols>3</cols>
  <dt>d</dt>
  <data>
    6.4930818148697892e+02 0. 6.3916342567105187e+02 0.
    6.4924833360871628e+02 4.0258202176838057e+02 0. 0. 1.</data></mtx>
<dist type_id="opencv-matrix">
  <rows>1</rows>
  <cols>5</cols>
  <dt>d</dt>
  <data>
    1.0908860241910859e-02 -3.4308921832968207e-02
    1.2926120459891555e-03 1.7455627017272442e-04 7.1435900462091265e-02</data></dist>
<frame_height>1080</frame_height>
<board_width>8</board_width>
<board_height>6</board_height>
<board_size>2.7000000000000000e-02</board_size>
</opencv_storage>
