<?xml version="1.0"?>
<opencv_storage>
<mtx type_id="opencv-matrix">
  <rows>3</rows>
  <cols>3</cols>
  <dt>d</dt>
  <data>
    1.2930958570135358e+03 0. 9.6458239468722434e+02 0.
    1.2738861551570210e+03 5.3207344006960818e+02 0. 0. 1.</data></mtx>
<dist type_id="opencv-matrix">
  <rows>1</rows>
  <cols>5</cols>
  <dt>d</dt>
  <data>
    3.0282561667763955e-02 2.1725235905161411e-01
    -2.6634700195243711e-03 -3.1429683834821613e-03
    1.7996676521580541e+00</data></dist>
<frame_height>1080</frame_height>
<board_width>8</board_width>
<board_height>6</board_height>
<board_size>2.7000000000000000e-02</board_size>
</opencv_storage>
