<?xml version="1.0"?>
<opencv_storage>
<mtx type_id="opencv-matrix">
  <rows>3</rows>
  <cols>3</cols>
  <dt>d</dt>
  <data>
    1.3872175063517095e+03 0. 9.4344382032887245e+02 0.
    1.3855726947197563e+03 5.3268463172986230e+02 0. 0. 1.</data></mtx>
<dist type_id="opencv-matrix">
  <rows>1</rows>
  <cols>5</cols>
  <dt>d</dt>
  <data>
    1.4960488294292267e-02 1.0600052123274541e+00 1.4934097183576041e-03
    -4.5854219900462075e-03 -4.4901874606331118e+00</data></dist>
</opencv_storage>
