<?xml version="1.0"?>
<opencv_storage>
<mtx type_id="opencv-matrix">
  <rows>3</rows>
  <cols>3</cols>
  <dt>d</dt>
  <data>
    6.3713946363844025e+02 0. 3.2118710043891519e+02 0.
    6.3591857624566785e+02 2.4519678158893629e+02 0. 0. 1.</data></mtx>
<dist type_id="opencv-matrix">
  <rows>1</rows>
  <cols>5</cols>
  <dt>d</dt>
  <data>
    -6.6472634612168360e-02 2.4911511416019074e+00
    2.2957054460398933e-03 -3.1753524823791658e-04
    -1.1745552897446565e+01</data></dist>
</opencv_storage>
