<?xml version="1.0"?>
<opencv_storage>
<mtx type_id="opencv-matrix">
  <rows>3</rows>
  <cols>3</cols>
  <dt>d</dt>
  <data>
    6.5394895176390980e+02 0. 6.1880703607573582e+02 0.
    6.5859860068339606e+02 3.9688075272103850e+02 0. 0. 1.</data></mtx>
<dist type_id="opencv-matrix">
  <rows>1</rows>
  <cols>5</cols>
  <dt>d</dt>
  <data>
    -2.0955744078678135e-02 1.7484902804082322e-01
    -1.1015353114043316e-04 -3.7882902847848118e-03
    -3.7033538467534394e-01</data></dist>
<frame_height>1080</frame_height>
<board_width>8</board_width>
<board_height>6</board_height>
<board_size>2.7000000000000000e-02</board_size>
</opencv_storage>
