<?xml version="1.0"?>
<opencv_storage>
<mtx type_id="opencv-matrix">
  <rows>3</rows>
  <cols>3</cols>
  <dt>d</dt>
  <data>
    6.5795528472775050e+02 0. 6.3765726750533986e+02 0.
    6.5763765729271051e+02 4.0672660298103926e+02 0. 0. 1.</data></mtx>
<dist type_id="opencv-matrix">
  <rows>1</rows>
  <cols>5</cols>
  <dt>d</dt>
  <data>
    6.4775914030868846e-03 1.4717478382432857e-02 1.9948239467727259e-03
    -2.7765071295304122e-04 -5.0561932128733209e-02</data></dist>
<frame_height>1080</frame_height>
<board_width>8</board_width>
<board_height>6</board_height>
<board_size>2.7000000000000000e-02</board_size>
</opencv_storage>
