<?xml version="1.0"?>
<opencv_storage>
<mtx type_id="opencv-matrix">
  <rows>3</rows>
  <cols>3</cols>
  <dt>d</dt>
  <data>
    5.6707938520505309e+02 0. 6.4537316299507188e+02 0.
    5.5400979510082641e+02 4.2080932715851179e+02 0. 0. 1.</data></mtx>
<dist type_id="opencv-matrix">
  <rows>1</rows>
  <cols>5</cols>
  <dt>d</dt>
  <data>
    -8.8323103184048166e-02 2.0180199356148418e+00
    -6.1267008344009681e-03 -1.9073921600369569e-03
    -1.2397900747391585e+01</data></dist>
<frame_height>1080</frame_height>
<board_width>8</board_width>
<board_height>6</board_height>
<board_size>2.7000000000000000e-02</board_size>
</opencv_storage>
