<?xml version="1.0"?>
<opencv_storage>
<mtx type_id="opencv-matrix">
  <rows>3</rows>
  <cols>3</cols>
  <dt>d</dt>
  <data>
    6.2117031712474841e+02 0. 3.1770673900738063e+02 0.
    6.1978620302782940e+02 2.3798789542019122e+02 0. 0. 1.</data></mtx>
<dist type_id="opencv-matrix">
  <rows>1</rows>
  <cols>5</cols>
  <dt>d</dt>
  <data>
    -1.1739836698190505e-02 1.2858567518835819e+00
    5.8876024627052580e-04 -6.2487834983791096e-03
    -5.4368085391230059e+00</data></dist>
</opencv_storage>
