<?xml version="1.0"?>
<opencv_storage>
<R type_id="opencv-matrix">
  <rows>3</rows>
  <cols>3</cols>
  <dt>d</dt>
  <data>
    9.2602664363861020e-01 4.4049768012826424e-02 3.7487901142825625e-01
    -6.0739898505403740e-02 9.9761403507889157e-01
    3.2816181117940151e-02 -3.7253901809201645e-01
    -5.3158771163641219e-02 9.2649275498916239e-01</data></R>
<tvec type_id="opencv-matrix">
  <rows>3</rows>
  <cols>1</cols>
  <dt>d</dt>
  <data>
    -1.7253696429247412e-01 2.0845270948876775e-02
    7.4416779020242269e-02</data></tvec>
</opencv_storage>
