<?xml version="1.0"?>
<opencv_storage>
<R type_id="opencv-matrix">
  <rows>3</rows>
  <cols>3</cols>
  <dt>d</dt>
  <data>
    9.8002708018022400e-01 3.8229253408706490e-02 1.9515492895962880e-01
    6.1423396972378483e-03 9.7506100171663856e-01
    -2.2185201057098625e-01 -1.9876919725266431e-01
    2.1861968601925619e-01 9.5535136944915355e-01</data></R>
<tvec type_id="opencv-matrix">
  <rows>3</rows>
  <cols>1</cols>
  <dt>d</dt>
  <data>
    -2.1962915335963468e-01 5.4186995020139447e-02
    -3.3341297329297526e-02</data></tvec>
</opencv_storage>
