<?xml version="1.0"?>
<opencv_storage>
<R type_id="opencv-matrix">
  <rows>3</rows>
  <cols>3</cols>
  <dt>d</dt>
  <data>
    7.2372197299514451e-01 2.3343857866184314e-01
    -6.4940968255512976e-01 -1.9695705228600566e-01
    9.7177869752632395e-01 1.2982327444972960e-01 6.6138825613917851e-01
    3.3949860476600584e-02 7.4927497063147408e-01</data></R>
<tvec type_id="opencv-matrix">
  <rows>3</rows>
  <cols>1</cols>
  <dt>d</dt>
  <data>
    7.6042824811548770e-01 -1.0602869844619361e-03
    2.5081721398754253e-01</data></tvec>
</opencv_storage>
