<?xml version="1.0"?>
<opencv_storage>
<R type_id="opencv-matrix">
  <rows>3</rows>
  <cols>3</cols>
  <dt>d</dt>
  <data>
    6.8727521317218587e-01 2.4646934393475617e-01
    -6.8330494207161818e-01 -1.6458478018348049e-01
    9.6904953723921283e-01 1.8399686005044502e-01 7.0750592329045703e-01
    -1.3994887525039287e-02 7.0656883007395643e-01</data></R>
<tvec type_id="opencv-matrix">
  <rows>3</rows>
  <cols>1</cols>
  <dt>d</dt>
  <data>
    8.6951536955110231e-01 -7.4773191845257284e-02
    2.4615700885921998e-01</data></tvec>
</opencv_storage>
