<?xml version="1.0"?>
<opencv_storage>
<R type_id="opencv-matrix">
  <rows>3</rows>
  <cols>3</cols>
  <dt>d</dt>
  <data>
    9.2754733367654107e-01 4.8661037845352230e-02 3.7052401701556736e-01
    -7.0516839002221610e-02 9.9646495254249456e-01
    4.5661513023757136e-02 -3.6699226041794675e-01
    -6.8481397111165770e-02 9.2769983240433362e-01</data></R>
<tvec type_id="opencv-matrix">
  <rows>3</rows>
  <cols>1</cols>
  <dt>d</dt>
  <data>
    -1.8512603800375207e-01 1.3456178383016578e-02
    5.6521609002743091e-02</data></tvec>
</opencv_storage>
