<?xml version="1.0"?>
<opencv_storage>
<R type_id="opencv-matrix">
  <rows>3</rows>
  <cols>3</cols>
  <dt>d</dt>
  <data>
    9.9999955016597808e-01 -2.8766905507889576e-04
    -9.0383314626351675e-04 2.9173868026287011e-04
    9.9998980660010672e-01 4.5057279571223338e-03 9.0252777462694817e-04
    -4.5059896133818750e-03 9.9998944069486062e-01</data></R>
<tvec type_id="opencv-matrix">
  <rows>3</rows>
  <cols>1</cols>
  <dt>d</dt>
  <data>
    -5.0258191631428174e-02 6.3400923833161198e-04
    -5.1753816318980050e-03</data></tvec>
<test>10</test>
</opencv_storage>
