<?xml version="1.0"?>
<opencv_storage>
<R type_id="opencv-matrix">
  <rows>3</rows>
  <cols>3</cols>
  <dt>d</dt>
  <data>
    9.2213023039859932e-01 1.2081507335889378e-01
    -3.6753170779445848e-01 -2.0610164337013098e-01
    9.5736982259980419e-01 -2.0239845694903588e-01
    3.2741098146695907e-01 2.6238662470580415e-01 9.0771984025377461e-01</data></R>
<tvec type_id="opencv-matrix">
  <rows>3</rows>
  <cols>1</cols>
  <dt>d</dt>
  <data>
    2.1141544938061402e-01 -1.9586580720827446e-02
    2.9400909680152437e-02</data></tvec>
</opencv_storage>
