<?xml version="1.0"?>
<opencv_storage>
<R type_id="opencv-matrix">
  <rows>3</rows>
  <cols>3</cols>
  <dt>d</dt>
  <data>
    9.8007165903111715e-01 4.8916208823573185e-02 1.9252726476611631e-01
    -1.1710385943732571e-02 9.8174820775434779e-01
    -1.8982445425227723e-01 -1.9829878977200666e-01
    1.8378699922860331e-01 9.6275642240885773e-01</data></R>
<tvec type_id="opencv-matrix">
  <rows>3</rows>
  <cols>1</cols>
  <dt>d</dt>
  <data>
    -2.2075927251774963e-01 8.3863437282051465e-03
    3.5889923194882788e-02</data></tvec>
</opencv_storage>
