<?xml version="1.0"?>
<opencv_storage>
<R type_id="opencv-matrix">
  <rows>3</rows>
  <cols>3</cols>
  <dt>d</dt>
  <data>
    9.6577892015356837e-01 3.5161544949395031e-03 2.5934285038260690e-01
    4.2968959495253783e-02 9.8392176424137712e-01
    -1.7335406073129941e-01 -2.5578261455169843e-01
    1.7856539001078434e-01 9.5009981348455896e-01</data></R>
<tvec type_id="opencv-matrix">
  <rows>3</rows>
  <cols>1</cols>
  <dt>d</dt>
  <data>
    -2.1346141286406192e-01 3.1184715097059459e-02
    4.9401261533684265e-02</data></tvec>
</opencv_storage>
